0.0
0.0
0.0
0.0
0.0
0.0
13.804279073151275
15.742333602518077
10.212748027403627
16.04040961499996
17.799352750809028
1.5413820476378146
20.8617735004122
21.559546265638087
20.869586033162086
22.481503244850572
24.271844660194155
7.240652903833392
15.929629605287035
17.229972472072404
15.723559944225586
17.647686785604133
19.41747572815531
1.9270477876356438
4.854368932038788
-14.760221351205074
-14.564098774125341
-14.671360759996082
-16.41902348155086
-16.815400000001233
0.0
0.0
0.0
0.0
0.0
0.0
4.854368932038788
-15.366490774583193
-15.095428042616927
-15.0446576400817
-21.492486209460765
-20.68268390908469
-11.657342696658203
-11.655758013885874
9.708737864077627
-11.81175187948385
-21.32679891374875
-17.716998762048863
17.799352750809028
-9.506611435542636
1.0343525391914845
1.611300067999986
-5.794710094666274
-19.115833558255723
11.326860841423906
-2.5330490541125528
-11.750847420886322
-11.822539931999996
-14.0
-13.49002106001516
0.0
0.0
0.0
0.0
0.0
0.0
9.708737864077627
-10.423892624486657
-10.90686865077082
-2.3643575041645475
-14.0
-20.158648280096205
-14.382929590472283
-14.177719101073722
8.090614886731347
-13.989211947483849
-14.026744204990434
-19.610136342216432
-1.897080020458704
-11.664192403618298
11.326860841423906
-2.745042387822025
-17.671884279539043
-14.0
-4.8199685024949925
-14.525049225416794
8.090614886731347
-14.961786924307969
-20.10981603817994
-18.446440068
0.0
0.0
0.0
0.0
0.0
0.0
29.126022365771448
30.74432944835916
29.126022799090844
30.744322219970584
16.181229538251017
32.362459546925564
19.41747572815531
17.716117107190485
19.32133782212968
15.301523745071341
2.5885825474851996
15.928112979900881
25.889967637540437
22.59446837899663
16.650242931310366
23.959291548442966
8.72610722201227
22.12916985417521
21.03559870550159
19.332151007950074
2.7953976079051692
17.94272261053122
4.797654689750277
17.009069750524592
0.0
0.0
0.0
0.0
0.0
0.0
9.09668139846508
-7.925359932000001
-8.0228506385832
16.181229773462746
-10.9718
-17.77597511318794
-6.5960944825212655
-6.69718
5.397510774583189
22.653721682847873
-5.587477681653848
-17.2411757553453
-7.985637347674402
-7.959329742938078
-7.980220675576776
17.799352750809028
-14.680866518703226
-2.9036887012080377
6.4724919093850675
-14.154282405282615
-5.809900356061055
-14.254466934684666
-18.456451512202857
-20.53567274618025
0.0
0.0
0.0
0.0
0.0
0.0
6.4724919093850675
-14.397179999999993
-14.699999999999994
-14.71008729604709
-25.05804326905929
-20.583549975248108
11.326860841423906
2.927053464528793
-2.341185544504139
-3.2044616787773723
-21.414039733981227
-11.402535005645007
-9.666082818607546
-9.659420642346761
-9.994990389602286
16.181229773462746
-12.43814028628416
-15.109731574168
9.708737864077627
-11.633088915374172
-11.835959632871079
-11.468658707572699
-13.686587781854044
-16.797969459341438
0.0
0.0
0.0
0.0
0.0
0.0
11.326860841423906
-10.499999999999998
-10.780676158915306
-10.55125889299847
-10.253345577165035
-20.40482041275921
9.708737864077627
-14.694311178272349
-4.850016344977531
-14.460889461839965
-21.117132992687562
-14.574725394022439
12.944983818770186
-1.8895191599117354
-11.85107757047012
-11.843719720970771
-20.4230917620647
-11.568952834862282
9.708737864077627
-13.565277258398826
-4.452992716874769
-14.06230815273576
-10.918627724885326
-21.953763670254745
0.0
0.0
0.0
0.0
0.0
0.0
-1.7971799999999998
-1.4
-1.4
30.744327559413673
-11.274619999999999
-7.0
21.026935289887092
-5.29718
-5.6000000000000005
-5.881005447889003
-14.649319524
-7.0
-4.1234542479985885
-4.59718
-4.1225399320000005
23.118187112072096
-15.071437232081708
-17.060492430231832
16.384191842555936
-4.9
-4.9
-5.58328459054795
-14.077188749416798
-12.280818104977143
0.0
0.0
0.0
0.0
0.0
0.0
8.090614886731347
-12.997179999999995
-0.9637615665116703
-13.02269468690429
-18.112475548796358
-12.878779216777158
14.563106796116466
-12.362511347524652
-12.440528422743855
-11.866838325188045
-21.458216152053556
-6.836654478805878
9.708737864077627
-3.1402789551004737
-12.037969108298409
-12.014471922117245
-12.758470390268837
-14.19050656856658
-9.77916743188114
-9.42855312521407
14.563106796116466
-9.799999999999999
-10.9718
-17.992252691851764
0.0
0.0
0.0
0.0
0.0
0.0
-11.404874972619206
-11.166490774583197
14.563106796116466
-11.040215382406851
-11.865763909084691
-18.10097551690534
3.0345491900103605
-5.99718
19.41747572815531
-5.9744588270993475
-6.764133629688227
-12.697057919327818
14.563106796116466
-11.24109470560458
-1.308460316269052
-10.945316389539457
-17.297110646320707
-18.409820631687552
8.090614886731347
-4.999968455856893
-6.060811851393876
-5.2532145112611115
-16.686198969912432
-17.896340295024533
0.0
0.0
0.0
0.0
0.0
0.0
9.708737864077627
-12.58828840979964
-12.81461532601445
-12.371509361416797
-15.5277010715848
-17.136403340007714
11.326860841423906
-11.06166695249409
-11.315110643810698
-2.110929274856977
-12.829360394985875
-13.969350162583199
14.563106796116466
5.267005733737249
0.2585801274905002
-10.677823806036233
-19.791635903114692
-13.477354615667892
11.326860841423906
-12.656490451442995
-12.173068671895791
-3.035658988799062
-20.92986108690479
-11.832755254939126
0.0
0.0
0.0
0.0
0.0
0.0
22.484430419327676
-4.9
-4.766595257653378
-5.351739327182289
-11.274619999999999
-14.504091574168001
-2.5524962269153075
-1.4
29.125721405314135
-0.7
-11.274619999999999
-7.0
22.653721682847873
19.486984114905702
18.144789995597918
20.53130008127389
5.146719243507226
6.358778272284631
-2.3471669334985075
-2.0999999999999996
22.722903281752266
-2.4971799999999997
-7.0
-11.446440068
0.0
0.0
0.0
0.0
0.0
0.0
-5.171493335820715
-14.435695871613525
-13.924146706024391
6.4724919093850675
-13.581194018932544
-14.174679456
12.944983818770186
-12.762049519565558
-12.94052017085825
-12.778735221588326
-13.252550974045441
-20.191890572284624
4.854368932038788
-5.773518200305915
-12.469752642616086
-12.208810069410472
-14.499335102734559
-20.408368360319162
0.5051338670228738
-8.117620435628508
16.181229773462746
0.731693727220156
-8.885232768429859
-14.0
0.0
0.0
0.0
0.0
0.0
0.0
-10.388596745150249
-9.780839010234205
16.181229773462746
0.009230935014144848
-9.647644848850334
-17.620183455133514
16.390726569103663
5.321827069498494
21.03559870550159
17.710223811024004
2.847919851898777
4.082938513524701
-11.339428514573727
-11.617401124681097
2.6868364870077732
12.944983818770186
-22.21110017668882
-15.801752333766123
-14.738490904086573
-14.611174547667886
-14.75520649537562
6.4724919093850675
-19.244418252557917
-14.56901938800002
0.0
0.0
0.0
0.0
0.0
0.0
8.090614886731347
-13.148959888730015
-13.100257138629127
-3.6341387735483135
-14.957849528064973
-14.180504642251112
-11.366837203123564
1.9584670544469818
-11.187380978518066
9.708737864077627
-17.726081168476995
-19.290716837501424
16.181229773462746
-10.025359931999999
-10.239974518108824
-0.23334848669213493
-19.013260919281404
-11.506212935339141
12.944983818770186
-12.789973505888387
-13.043297867281481
-12.711851229550176
-11.740581110827605
-18.861134511816264
0.0
0.0
0.0
0.0
0.0
0.0
21.03559870550159
18.957066721022077
17.37160940548741
19.721502215713652
4.72470024991093
4.751573606784565
27.506182912776744
29.126148421478774
30.744336569579282
27.50040920017348
14.563105998112235
14.563103289392016
19.36038687097888
18.934087733462093
17.538092804580117
21.03559870550159
1.651956859676642
4.629927123554885
25.889967637540437
23.39622843549781
22.173645656087157
15.279958286193342
8.764280662445449
9.151193237769755
0.0
0.0
0.0
0.0
0.0
0.0
-14.49230589905602
-15.120784627842848
-14.882174739181403
4.854368932038788
-22.11581418599792
-21.0
11.326860841423906
-13.972412452080137
2.079136216187222
-2.765899900232762
-18.918073135211085
-22.962446713770134
6.4724919093850675
-12.543329429416797
-12.898334949748904
-12.7056236354758
-15.73871785713908
-18.23575252034162
14.139225341944034
14.798999794387832
16.16629861498069
14.313713510006853
17.799352750809028
1.253823526455258
0.0
0.0
0.0
0.0
0.0
0.0
12.136589062936523
15.707653429044674
13.578757207049481
14.122835542301871
17.799352750809028
1.2039555207739607
17.999820579470267
20.985464173811817
20.76449948780496
19.335239524770305
22.653721682847873
2.8289551787057574
-12.307913451561
-12.881586386646788
-12.749676226915303
11.326860841423906
-18.508400699875597
-18.188233468017362
-15.42789212170064
-15.30923686417389
-15.648557431170405
4.854368932038788
-15.878005962024826
-20.88851163381423
0.0
0.0
0.0
0.0
0.0
0.0
-13.061272074829713
-5.413985615016832
-13.299999999999995
6.4724919093850675
-16.904057798732605
-23.24348483018158
-11.040699111772275
-11.199999999999998
-11.199999999999998
8.090614886731347
-18.853389186045366
-19.899790230516626
14.563106796116466
-9.497179999999998
-9.799999999999999
-9.946847780487952
-18.691033867690088
-17.6895719831691
11.326860841423906
-13.31790784031814
-12.813085820901989
-13.222930986444762
-18.97577857326808
-19.941327130164538
0.0
0.0
0.0
0.0
0.0
0.0
18.174012115964345
17.348806890725033
15.315101513457186
19.41747572815531
3.173851686459058
16.16713596682251
29.126210617056334
30.742277358717313
30.74421547973289
29.125105422996
16.18107063792622
32.362459546925564
19.10572671579444
9.600808800516123
17.32662640340937
19.41747572815531
3.155187980682026
16.03936700206038
20.29676471108609
22.17182548166223
22.581576403537227
24.271844660194155
4.497844966986445
19.588983537066884
0.0
0.0
0.0
0.0
0.0
0.0
10.620513950401175
16.181229773462746
11.688799190206222
13.927497411496558
-3.532291574168025
-0.19564315292545562
17.873293446953582
22.653721682847873
19.12940143320179
20.980648023639414
6.355028592017459
6.402130073512953
7.415325610324038
17.799352750809028
13.815662221729541
15.920030624406978
1.5373661779673975
0.3127882413556563
6.4724919093850675
-13.667105271639748
-4.8670364751201465
-5.872202155918309
-12.801033581884328
-16.611807455780777
0.0
0.0
0.0
0.0
0.0
0.0
6.4724919093850675
-14.448029408731404
-14.422850444760556
-14.780186858501805
-12.360802204553218
-13.587368354541619
11.326860841423906
-2.701613657870265
-1.3894959971308598
-1.9672774464905043
-21.416987994536765
-19.97913639613805
19.41747572815531
-8.854042454822002
1.906243053580857
-8.37384869086145
-12.401318493016767
-11.749260067999998
12.944983818770186
-2.0038156645115937
-2.191189843981741
-10.914994103402144
-18.002279216223197
-13.19199912179629
0.0
0.0
0.0
0.0
0.0
0.0
-9.41818314077656
-1.9726784655940133
11.326860841423906
-9.853222286985574
-16.9620216379023
-17.51113489026945
-3.5630743081742047
-13.70211675389896
9.708737864077627
-13.999999999999995
-14.378654405748907
-18.308397298500108
-11.38761339431563
-11.573935412292784
12.944983818770186
-11.764958160834748
-20.057142595560038
-11.255443963989016
9.708737864077627
-14.312470559955027
-13.729896076264449
-4.552223901087327
-14.002859388
-20.331668784466544
0.0
0.0
0.0
0.0
0.0
0.0
27.508027450245894
30.744336569579282
27.50420638443121
29.125571693059605
14.563106132694635
14.563076460216127
21.03559870550159
17.72067132895741
19.065165781823993
19.333372666559537
4.144766024350703
4.798586112934014
27.50809061488672
22.61761128952194
8.116781290718892
25.310748844126252
10.582789169037055
11.301275211517344
22.653721682847873
19.33443545984818
21.861667804817834
18.428029569977323
6.272440122049413
-1.078521928755669
0.0
0.0
0.0
0.0
0.0
0.0
11.206626083437975
7.01097343965276
12.708160514629572
14.563106796116466
-2.5876048559292264
-3.3673084525301364
13.069783349729441
20.26599418555535
17.841952501383656
21.03559870550159
4.617544261300414
1.1551558171104968
-9.127507370711658
-8.37447940598849
-0.2669464808936617
16.181229773462746
-17.70849462174595
-18.876709572336818
8.090614886731347
-5.666911620256801
-12.880275282981872
-5.517072693978625
-16.542317032419092
-19.574067786033073
0.0
0.0
0.0
0.0
0.0
0.0
8.090614886731347
-5.83259083748476
-5.321100332487704
-14.140919733606315
-14.0
-14.243863917663077
12.944983818770186
-1.8863000785894908
-11.01835619723942
-2.028710628891705
-12.825602840341121
-15.068643365084691
2.494911348597615
-9.809967333311999
-9.374405149985344
17.799352750809028
-16.68016382688547
-17.15827874753429
11.326860841423906
-11.045768326723524
-11.059013684972333
-11.035519176084886
-13.125301693731657
-12.78342892565876
0.0
0.0
0.0
0.0
0.0
0.0
12.944983818770186
3.5649186316341304
-9.751747293959
3.508517875440793
-18.372245205402578
-4.510650082977161
11.326860841423906
1.1033854962364673
-3.3408800580196765
-13.636482895717215
-13.241677826689234
-13.850982125204427
14.563106796116466
-1.6769821993825662
-0.6434497418177436
-1.32612524086265
-3.325663929295376
-7.446758915654068
11.326860841423906
-13.320757938505405
-13.157434600128465
-13.638425397628938
-11.066823181861215
-22.453111465783007
0.0
0.0
0.0
0.0
0.0
0.0
-2.555626933498507
-2.1943599999999996
10.514486437472794
29.12621351658105
-7.0
-14.216853935667892
22.65372124247012
-5.120619303315525
-4.2
-4.755286200951676
-15.113939994081013
-14.002859388
-3.5054219534745217
-4.908454642026173
-3.6918507065831996
25.857304132739998
-16.69851010984783
-17.586602631678446
24.271809835911167
-4.336602604765277
-4.2
-4.2097529426510905
-14.499888195441919
-7.0
0.0
0.0
0.0
0.0
0.0
0.0
9.708737864077627
-4.432360586996637
2.946105487110068
-3.477419932000016
-8.863151340166423
-8.79433912901219
16.181229773462746
-11.233174228889727
-11.044966983127928
6.3164469770563
-9.779976200110053
-15.900773561681161
11.326860841423906
-11.293642947093623
-11.451455225782865
-11.288029573851917
-19.110883191869934
-10.326906556900067
-10.66875938032877
-9.881199437229478
12.944983818770186
-10.24767927459904
-16.096336712790976
-9.075911642250928
0.0
0.0
0.0
0.0
0.0
0.0
-11.772380435481061
11.517948225833436
12.944983818770186
8.94058788422367
-11.272808213432889
-4.2449307292815845
-7.458940400111191
-6.986811887120345
17.799352750809028
-6.873201445006648
-18.193780113909774
-19.84579354260666
16.181229773462746
5.5937176420715256
-10.506585336512643
0.6975529611121356
-4.226610035525862
-10.957873581183254
9.708737864077627
0.022327609925933523
-4.656410277537333
1.108653700520648
-18.669455580914065
-12.85596217471219
0.0
0.0
0.0
0.0
0.0
0.0
11.326860841423906
-11.985926357562905
-11.614336921409492
5.826118975681997
-14.0
-19.82658439408395
12.944983818770186
-2.0948383496050234
4.567542029989305
4.1129782145347225
-12.742195562113377
-6.961337979263616
-9.874893329151474
-10.212748596711736
16.181229773462746
0.6943403672624804
-18.747516864542835
-16.26501207231676
12.944983818770186
-2.6845891529368036
-1.2675809010547834
-12.335361473408478
-17.81957004614396
-12.231107009644598
0.0
0.0
0.0
0.0
0.0
0.0
24.271843992796022
-4.373168354449839
-3.936938074797557
-4.069000068
-15.357263176368592
-12.4292294294168
-2.0999999999999996
-2.095092930501492
27.50809054317152
-2.0999999999999996
-11.274619999999999
-13.700039387999999
24.271844660194155
18.350701170339516
20.392888960398135
22.132040000725855
8.053207224882804
8.036334105331148
-1.7563598639999998
-1.9281799319999997
25.889863599027642
-1.7971799999999998
-10.9718
-11.274619999999999
0.0
0.0
0.0
0.0
0.0
0.0
-13.237071872870787
-13.808310169777206
-13.326443604042419
8.090614886731347
-17.9718
-14.0
14.563106796116466
-12.268250590984886
-1.8997331251178498
-11.642608399278311
-12.084234949748907
-7.015920775733914
-11.553484872399554
-11.77168036969268
6.4724919093850675
-2.5658252413825835
-13.065600146232352
-19.618657664971366
9.216898751664797
-9.066742695250255
14.563106796116466
11.10327623045366
-6.73186821226081
-4.24655868750199
0.0
0.0
0.0
0.0
0.0
0.0
11.171561561666385
14.094049588223015
14.563106796116466
10.77332562385346
-6.568643671829884
-2.037888696109065
15.936022297009119
19.41747572815531
14.796324019192587
13.86103278654263
2.5991637858616197
-3.9394253496644325
14.563106796116466
-11.0196005924618
-11.389979298011008
0.07528160613579615
-20.355800116841685
-10.807301603394103
8.090614886731347
-13.941065938597982
-13.827636669259329
-13.960828198250763
-17.877159750385037
-12.356125796690026
0.0
0.0
0.0
0.0
0.0
0.0
9.708737864077627
0.4661209176645853
2.935499832081475
2.6829925644654615
-16.565901856295817
-13.470485044332126
14.563106796116466
-10.76518453155004
-11.00075999652715
-11.12949280615791
-10.593911885775734
-12.024691983580862
17.799352750809028
6.68461492790882
12.050899320369732
10.116619325283251
-8.148730682481741
-5.869039456000014
14.563106796116466
-1.5597743285158252
-1.6492192013033744
-1.969194810627945
-6.562735703427142
-5.183972767821391
0.0
0.0
0.0
0.0
0.0
0.0
22.653721682847873
16.471306620436824
13.308050637693961
20.781106052618117
6.448135109767451
6.02293578323367
25.889392329666023
29.126213592233
29.115803241425056
25.889112794337922
12.937834176233846
12.944440017924558
-5.533966776537775
-5.875098755409038
-6.208051481697367
22.6535941556159
-7.0
-17.264887276601588
27.50809061488672
19.550974102014642
20.969732354372805
22.478941321225683
11.192915287835708
10.849767004758466
0.0
0.0
0.0
0.0
0.0
0.0
6.4724919093850675
-6.420058989073404
-13.999999999999995
-13.932244997125329
-14.08534511421318
-24.23226434024887
-12.528682299892901
2.3736091863868314
-13.003882302985573
12.944983818770186
-18.27462
-10.051739267264649
8.090614886731347
-12.281834309221765
0.39544425520906756
-12.4497490610302
-11.952021528327553
-16.70010833854556
12.871597925032477
16.181229773462746
14.423136903711345
12.715780284837539
-1.1246065867961867
-0.26506559200152513
0.0
0.0
0.0
0.0
0.0
0.0
12.179353472163086
16.181229773462746
13.214236429919325
12.864837672691444
-0.6788914998406298
-0.058483778628214966
4.928794414258945
21.03559870550159
10.168624915829174
-5.96706829500365
-9.057320841148645
-8.725910302029881
-11.99715679776059
-12.061422452679349
-12.297179999999996
12.944983818770186
-13.520074764516242
-18.92854642088392
-5.390864633838959
-15.231105491501175
-14.466948727268033
6.4724919093850675
-18.801547440130097
-14.507681407416154
0.0
0.0
0.0
0.0
0.0
0.0
-12.85962815526707
-0.25112514618891213
-13.135636559388178
8.090614886731347
-21.47969388997057
-19.617422783980892
12.944983818770186
-11.390683459770008
-11.365170289177176
-0.7396035326122963
-16.123992542397776
-16.127141401999307
16.181229773462746
5.762985761764506
-9.1
-9.425531998205761
-4.027260653581429
-20.121482514991758
-1.0894340422450028
-12.591920113196947
-11.734827230442429
12.944983818770186
-14.68683591446916
-20.118637988841655
0.0
0.0
0.0
0.0
0.0
0.0
20.98340631526815
-5.778160877196525
-5.522539932000001
-5.218243210569327
-16.43970453590161
-13.659219252
-1.4
30.744336569413978
-1.4
-1.4
-7.0
-7.0
21.000307750982287
-6.93235395090838
-6.69718
-6.616252075602191
-13.969350162583199
-13.871859456
-1.9690000679999997
22.653351698010106
-2.19436
-2.0968692934168
-11.274619999999999
-10.9718
0.0
0.0
0.0
0.0
0.0
0.0
-0.6025118625715269
14.563106796116466
-9.814305928962114
-9.766490774583199
-12.823870158293913
-6.185576527245372
-8.36376966157576
21.03559870550159
9.242041059918048
10.535491824169114
-1.709017105102074
-3.240869294620553
11.635092189889367
16.181229773462746
12.530618008716292
14.311983301055506
-0.3620941236720693
-2.0749310716854805
-0.9411435865047348
-0.9221289859067063
8.090614886731347
-4.550374617998957
-15.292794252437805
-14.510121645679684
0.0
0.0
0.0
0.0
0.0
0.0
1.3471761342259834
-3.2997258076918
8.090614886731347
0.038995205016964185
-22.029353591493763
-10.972605077901079
-10.93201941780235
3.1833397303027944
12.944983818770186
-10.54222844864071
-8.187932822430916
-13.423250611151222
21.03559870550159
17.748988247993253
17.302623036091276
17.840522244938168
4.098936186418118
4.729670069311173
14.563106796116466
10.5810659374922
7.36682929618623
12.184809118721034
-6.646795802755008
-3.710573158180056
0.0
0.0
0.0
0.0
0.0
0.0
16.181229773462746
9.51199699012983
12.90116674681342
13.782307281647073
-0.5609544251047012
-0.9881085038955638
-4.023004704382313
-13.178057229735233
11.326860841423906
-3.387511156379384
-9.53508104972026
-10.080206729886557
7.3125906873880755
-11.05781117717268
14.563106796116466
-10.930685218885925
-18.107565895915315
-18.55162643825227
-4.195365520277093
-4.018648918281624
11.326860841423906
-3.5939539319159177
-17.552584802888074
-18.238111641714738
0.0
0.0
0.0
0.0
0.0
0.0
25.88890646404857
29.126213592233
25.889906765249968
27.50807842034279
12.944479621980966
12.94495379183619
19.276062978642074
19.400946403313526
22.653721682847873
21.00750004673688
6.468041974969699
6.472330757807771
29.126213592233
25.889680230445293
25.88889952016961
27.50745168106959
12.944802979451351
12.942682043119044
20.98640080489265
21.03529756637493
24.271844660194155
22.64825730537163
8.084893768951773
8.078130837368974
0.0
0.0
0.0
0.0
0.0
0.0
9.324561265917419
12.944983818770186
6.0116366930895335
12.697238569342552
-3.752069037856426
-3.3968527734196288
15.906771034182887
19.41747572815531
1.6912246204824015
17.75268484856545
2.4006794725006246
1.9577613038160004
10.899788637022107
10.210824489644125
9.181104726278337
14.563106796116466
-3.418331612795378
-1.7820575464739314
3.060063657955969
0.4834960972761042
9.708737864077627
4.3777933052697255
-13.790792723665191
-10.12680137429657
0.0
0.0
0.0
0.0
0.0
0.0
5.805622679420989
0.005745035194657966
9.708737864077627
2.903886417234286
-18.714357648966743
-13.429380422774697
10.081949524631167
7.505549718703552
14.563106796116466
11.11807422240814
-5.008070030605312
-4.9594512620670335
15.910182665226683
15.70763958609324
15.912290355524425
19.41747572815531
2.5970859443976324
-8.544678235912638
8.44877335985265
6.043235659162127
7.557767749845809
12.944983818770186
-4.1699505400877275
-3.807305613544788
0.0
0.0
0.0
0.0
0.0
0.0
11.239680995816153
9.14658174724548
10.911319092713338
14.563106796116466
-2.311460232670929
-1.8728554147047753
5.6289699031271345
8.96920522716659
12.944983818770186
2.2451003461853514
-9.343600000000016
-3.916009552831065
-10.564318778979146
8.62871742734803
16.181229773462746
8.635535669854413
-1.5796666971725224
-10.542775548375676
5.6748627574872454
2.520657876747677
12.944983818770186
5.663390881066
-14.045285254000358
-5.618719459321787
0.0
0.0
0.0
0.0
0.0
0.0
24.20019647878146
27.504672346265565
24.243285240095904
27.50809061488672
11.172075440312609
11.166429440904377
21.01123611306397
20.943290486354595
24.271844660194155
21.02029006391257
8.090054206940984
7.8522233464087625
23.73559737825279
23.829164981657925
24.254329743238326
27.50809061488672
11.31864256071152
11.215150837802135
22.65315316484081
22.625495690540465
25.889967637540437
22.644526817159974
9.69522823193792
9.703447911267958
0.0
0.0
0.0
0.0
0.0
0.0
6.099060394154705
6.911320808011118
1.5873094962113106
11.326860841423906
-18.408610291171165
-8.022651272892336
13.100608671502187
11.994944559015725
-9.90424610485268
17.799352750809028
0.9947660967240064
-2.291790726964791
-1.8705133861169543
3.285156163003518
9.492828362475306
12.944983818770186
-4.885042908056739
-11.586022691397813
1.9672902087121447
4.218087643275438
11.326860841423906
6.107770610999555
-6.027158262098265
-6.911088895618657
0.0
0.0
0.0
0.0
0.0
0.0
1.6542791241556856
11.326860841423906
8.899311374188473
1.4357146831802163
-5.6236625881786955
-10.935791628161004
0.8537153961534347
15.919734779148133
16.181229773462746
12.227552219552276
-2.9281874668334944
-12.036244313329432
10.196257204983258
12.07132343501548
10.112434007132823
17.799352750809028
-0.5169038704881701
-1.6610681015070057
1.5529342678448375
6.897319295672037
6.89207855930328
11.326860841423906
-5.238183324165242
-9.608817763940229
0.0
0.0
0.0
0.0
0.0
0.0
7.500596321679452
5.983046669680445
9.012356773051055
12.944983818770186
-3.428891811552671
-5.175268073489812
4.12611232019434
7.205735455155386
14.563106796116466
9.966962265248672
-2.0152035667770796
-3.231832824979941
12.390904434503723
10.101460864322956
17.799352750809028
6.6026676001015785
0.2712688999352697
-0.659787540845628
10.897162102775413
3.958035695582141
14.563106796116466
-1.458262808076432
-12.598061804756837
-3.113861043872708
0.0
0.0
0.0
0.0
0.0
0.0
22.284246206702814
22.646195599698657
22.637409242263452
25.889967637540437
9.69144281812118
9.707616769100772
22.554614376502833
25.876236703385167
25.889967637540437
22.167020698602958
9.708374151828242
9.708233204559694
17.41631644330792
22.650620773479208
22.56228789834943
25.889967637540437
9.682864599160688
9.708486871073537
24.265110369235654
24.26210800104952
27.50809061488672
24.243926286201418
11.306842273160168
11.32617992148978
0.0
0.0
0.0
0.0
0.0
0.0
-4.324936121116092
-4.587071776683992
-4.598514045900615
9.708737864077627
-9.466900621990977
-7.5418244630205304
10.412676761988456
12.149144471529196
-0.7712809907700571
16.181229773462746
-2.1191180754217434
-3.7551736060899295
6.941734569745268
-4.342300877280374
4.621942296643356
11.326860841423906
-8.963196193529312
-6.151952582491626
6.1719469287826065
12.944983818770186
11.616839736562259
-1.2676499182276757
-4.038014013346026
-6.218335997464081
0.0
0.0
0.0
0.0
0.0
0.0
-2.2188521795889464
12.944983818770186
-11.354009871269664
-11.861722689343601
-18.887190140677916
-17.125936422616775
13.814464086150917
17.799352750809028
13.271437241870336
13.295289192531236
-0.14035369970796507
-15.282111358903277
5.4050482581652535
-0.6374861091251489
8.62639897334893
16.181229773462746
-3.951670170699037
-6.171369681601588
0.2077989227990651
0.0005195967561508752
0.15576108326258709
9.708737864077627
-8.181250767585334
-8.938703945579066
0.0
0.0
0.0
0.0
0.0
0.0
6.039529927859973
4.413352532627563
4.356516104365159
11.326860841423906
-6.300505246923336
-8.247018990623971
16.181229773462746
11.753902045406006
12.806859812838018
11.57079225592626
-2.255285748916804
-1.0090270382853899
19.41747572815531
15.70440606598038
14.745689343130344
16.02747646311296
-0.5637194228232505
2.039352817252496
16.181229773462746
11.539714671907436
5.204015828096197
10.498917091784783
-3.392848290169847
-0.04052549654556147
0.0
0.0
0.0
0.0
0.0
0.0
20.948753840195508
20.881804295507294
20.986499390569797
24.271844660194155
8.078189133613012
8.089104162604336
24.270076194062014
27.50809061488672
24.271828390326153
24.27085646221763
11.325569031920441
11.326860794865707
20.753712783537335
20.623528736375572
19.70817689248322
24.271844660194155
8.04175215279389
7.8306925284767805
29.126213592233
25.888721118137113
25.870276959446155
25.889752328981643
12.94484845275368
12.944982864077891
0.0
0.0
0.0
0.0
0.0
0.0
-5.33504873564759
-5.566893321864462
-13.299999999999995
8.090614886731347
-13.733174189467613
-12.295553640427597
3.744870902421427
-1.9955109616644418
-11.71071370205297
14.563106796116466
-17.22522197110702
-3.591020617354639
0.4633640758332973
0.45820676969064067
-3.345223394946956
9.708737864077627
-10.662751958034686
-13.917175895547599
-0.47386440923819606
14.563106796116466
-9.090110338750787
-0.37927973226082834
-4.414149253871318
-19.286287602534777
0.0
0.0
0.0
0.0
0.0
0.0
4.207692120552467
14.563106796116466
-0.7817325539311231
-1.5682775938286948
-14.58365541683429
-8.112095182730453
3.6532782843614564
19.41747572815531
3.9851374819329335
-6.708249990268911
-3.4427468443735707
-1.4907385853257833
-11.555492651728592
-11.633930808051115
-11.551900195465366
14.563106796116466
-14.0
-12.645101611729327
-13.982199953230403
-14.120599273934568
-13.965840473920819
8.090614886731347
-22.162471823215657
-17.826544406959343
0.0
0.0
0.0
0.0
0.0
0.0
-13.002775572178885
-4.3562657150667405
-12.881808071143707
9.708737864077627
-16.91839757115636
-17.33459309086338
-10.34558513433325
-0.9206006275742116
-0.506286393761485
14.563106796116466
-18.56483513297847
-12.383907293919789
3.138632004669356
-8.41876036369121
-8.4
17.799352750809028
-8.375960916334039
-9.488847749776022
14.563106796116466
-11.432658175103546
-11.48989857668876
-0.13314865010131882
-12.117280149743916
-13.252316838355487
0.0
0.0
0.0
0.0
0.0
0.0
-4.3934658259570245
-4.8124352990162285
6.319469706938822
22.653709853148673
-12.207009799763561
-1.2161435964923735
-2.4014656563321077
-2.364403705084692
-2.6250492254167996
25.889967637127302
-7.0
-15.5508624167512
-5.852598051989817
-5.993189743493834
-5.29718
22.653429131728817
-7.0
-7.0
-1.6253599319999998
-2.0256706385831995
-1.4
27.506712808484643
-7.0
-7.0
0.0
0.0
0.0
0.0
0.0
0.0
3.0803987169370632
12.944983818770186
-10.889382381898313
-1.394867455146093
-11.604189387995568
-10.9718
-8.960472406818996
19.41747572815531
-8.962329558169152
2.446508943816065
-17.267209496096545
-14.504091574168001
-10.167898895183196
14.563106796116466
-0.2845601729765015
-0.09841855016219903
-19.684512640383367
-9.982369244428227
-13.938726957406475
6.4724919093850675
-13.42695505401465
-5.808857414435103
-15.868422281583706
-14.838330162583219
0.0
0.0
0.0
0.0
0.0
0.0
-0.1381158777592204
6.4724919093850675
-1.6360427559975275
-1.5718551738781983
-16.57257255991488
-14.74492803790639
-3.4665110679290816
11.326860841423906
2.750549822899991
-12.012047715786304
-19.57807793578212
-15.3455331233344
22.653721682847873
19.26073969341354
19.428008884790056
18.184962356740098
6.012665348247278
4.085570290057509
16.181229773462746
11.680813234965477
14.419575846833574
14.312357800479312
-0.08264149609528129
-0.4119893643207399
0.0
0.0
0.0
0.0
0.0
0.0
17.799352750809028
14.428292078600675
14.771831755771121
15.738677988924895
1.5771163580406304
1.389332108285385
-14.256889184731081
9.708737864077627
1.004609365749019
-13.827217805402377
-22.154475605185766
-21.145061160722733
-11.906963455499136
12.944983818770186
7.124983395465847
-11.586558095085689
-9.734749221945588
-9.786874315537634
-5.5359448051850215
9.708737864077627
-14.453806146907128
-4.763926537713264
-23.571754013119826
-18.210040469515867
0.0
0.0
0.0
0.0
0.0
0.0
22.673200552041227
27.50809061488672
25.336846776880407
25.692070100285306
10.756781563519093
11.186655149019801
17.55172802130946
21.03559870550159
18.592786059529445
19.152864448823625
2.7673383388293864
4.157220754257383
30.744336569579282
27.508086900212874
29.1250794150529
29.126201316665618
14.553844792586025
14.563104820476603
19.269703450708608
22.653721682847873
20.173584921115413
20.75910375137139
6.34386138767183
6.329695944100248
0.0
0.0
0.0
0.0
0.0
0.0
-3.0301555622775957
11.326860841423906
-11.536371181953808
-2.1548800000261874
-8.669039456000018
-7.116303693917628
-0.8827398039910435
17.799352750809028
0.3556341886580334
-10.02821620024311
-20.059263516967405
-10.119041252586975
-10.635366380577594
12.944983818770186
-1.7934671091504946
-10.41887857345002
-17.7255584894486
-9.964014750985356
-12.370093650176043
8.090614886731347
-12.240428493695246
-12.248675690634046
-17.9718
-13.69719932000002
0.0
0.0
0.0
0.0
0.0
0.0
-13.792885778188023
-13.566538827821132
8.090614886731347
-13.669133675447448
-14.160106138731473
-19.33199453379524
3.3867933892997746
12.944983818770186
-9.885650139972137
-9.625049225416799
-21.11430433191965
-10.38049240790361
-10.049213540713012
17.799352750809028
-10.207306066020646
1.3669270014984942
-16.138081559182922
-15.373548626177616
-11.919194661714933
11.326860841423906
-3.5873896313475964
-2.58965346444948
-13.941363823743169
-17.249400837330644
0.0
0.0
0.0
0.0
0.0
0.0
-3.7255871038768458
12.944983818770186
-11.173779751815667
-1.2762134463752268
-16.687722057331683
-21.75663535457636
-13.172621523184121
11.326860841423906
3.6209290294369207
2.379029999636022
-15.3613964992157
-19.56414651789267
-1.3363475897926254
14.563106796116466
-0.02700149717253808
-11.26747109228848
-11.805229883326623
-10.433220707304404
-12.49466223278823
-12.807746405141945
11.326860841423906
-12.53471736008522
-20.18755104640723
-8.286239958029515
0.0
0.0
0.0
0.0
0.0
0.0
-2.6281799319999997
25.884171720971203
-2.779632521830615
-2.8
-12.052080067999999
-7.0
-3.596482798265054
-3.701280264304137
22.651830410986292
-4.2
-7.0
-7.0
-3.838532347956729
25.832080833471174
-3.9923084545971617
-4.2
-12.18308
-11.88026
-2.889842956413815
24.271815365108807
-3.0098559327665466
-3.4539263591517453
-16.536269467501068
-12.009137133734946
0.0
0.0
0.0
0.0
0.0
0.0
-11.133858863162157
9.708737864077627
-11.679019402932521
-11.483187820007691
-10.689358719393141
-14.0
-10.357587291490269
16.181229773462746
6.454634243986204
-10.087546520424558
-9.802159606824313
-17.9406514710073
-2.6054032364068522
11.326860841423906
-10.897179999999997
-1.2638785469840617
-15.009134755738135
-7.687259097714267
-4.191452937556363
9.708737864077627
-11.899999999999997
-11.813657118873426
-15.160987615115447
-9.742446133907878
0.0
0.0
0.0
0.0
0.0
0.0
-4.447336055715864
9.708737864077627
1.2309063736519166
-12.6867818204109
-12.891644203700302
-10.895675655518458
-9.931818563556082
14.563106796116466
0.19269124151886174
-0.8232833869765042
-11.444692961654628
-11.82488606477134
-9.958314632154112
16.181229773462746
-9.799999999999999
1.5581905021449138
-18.516869633176952
-20.406821234994077
-12.634654554968906
9.708737864077627
-3.807414527522152
-12.790533178100947
-19.637454678580614
-10.169677556201215
0.0
0.0
0.0
0.0
0.0
0.0
1.9003282667241415
11.326860841423906
-2.1512189148627243
-1.6074183209155741
-8.493009133523081
-10.291371851290991
-2.5392086343053126
12.944983818770186
-12.19791293050149
-12.207546900580548
-8.781460298348398
-12.727606514805409
-11.03046974753298
16.181229773462746
6.4942147951974745
-10.522107823620015
-16.417721393309602
-18.694270784097586
-2.5018486185114828
12.944983818770186
3.8684613884597088
-12.380713603256279
-12.704088020276394
-13.106724217522117
0.0
0.0
0.0
0.0
0.0
0.0
-2.872552998501492
24.23394473900849
-2.669000068
-3.0253599319999998
-11.57744
-11.274619999999999
-3.5725529985014917
24.2718435340543
-3.1971799999999995
-2.9818396659189843
-11.6749307065832
-7.0
-4.5370502959057415
23.322556755737562
-4.327532385830615
-4.308299054482089
-7.0
-14.750518268982361
-2.4722422919182923
25.889541495139802
-2.755702722067053
-2.839390208434439
-13.83103932
-14.358872816650253
0.0
0.0
0.0
0.0
0.0
0.0
-5.366332974730155
8.090614886731347
-13.818607138334706
-13.299999999999995
-14.5696374761827
-15.67434282923515
-11.729918696175707
14.563106796116466
-1.7962759194662272
-1.0944777232753662
-4.76667175937593
-15.680508005083306
-4.144703275165982
9.708737864077627
-3.912140386743296
-3.4612317981851053
-10.94097228451478
-19.40314313573944
-2.766406941050093
11.326860841423906
-10.309608986762946
-10.64821520916976
-13.700039388
-19.529848480771143
0.0
0.0
0.0
0.0
0.0
0.0
-3.6385976506311817
11.326860841423906
-12.237933906434112
-12.238733066501489
-14.346499523999999
-20.958521551343047
-7.590925435927176
16.181229773462746
2.748030914314846
1.8363135646502373
-18.080496266705428
-14.0
-1.5136193246835798
14.563106796116466
-1.3561053752195136
5.171681087999973
-18.024065684939288
-14.947897934000764
-5.380295130277472
8.090614886731347
-5.53756894813092
-13.051498313957298
-14.57155597690876
-11.059818088552166
0.0
0.0
0.0
0.0
0.0
0.0
0.394600272972939
9.708737864077627
-12.371181565391808
1.5960215381312484
-9.245726160679848
-10.050556098001215
17.799352750809028
14.110047844246155
8.999953944629265
16.095008544026022
1.2867924907041264
1.3797547354002857
21.03559870550159
16.955543866086984
17.64730780343908
18.52623006993039
3.516617723464538
4.385246098129198
17.799352750809028
14.478074959233085
14.515175614316016
14.664438435674269
1.5776059516360164
0.4528687069331535
0.0
0.0
0.0
0.0
0.0
0.0
18.210580206831327
22.653721682847873
18.240950066715673
20.535198726255903
4.38166671939868
4.56454828094456
21.77086292657479
25.889967637540437
21.755431749097863
24.102563467388116
9.257319854259757
8.783802405159703
18.92256936574085
22.653721682847873
18.73521441853388
20.136848235609087
5.019224924394937
6.425896702317946
30.744336569579282
27.508079355977063
27.508080547406664
29.126201786425217
14.563050714654548
14.562565715469544
0.0
0.0
0.0
0.0
0.0
0.0
-13.458144735437521
6.4724919093850675
-13.640147802257871
-13.581089069746875
-14.894723507224324
-14.0
2.5313567889222828
12.944983818770186
-12.188949985423058
-12.128367517929748
-19.489465703301924
-19.629845441207344
-0.714970188005867
-12.458238921093974
-12.720555518120202
8.090614886731347
-12.507069276382529
-18.639533365266733
-10.389739686091561
12.944983818770186
4.333348542423151
-10.568994015948824
-11.908223641455287
-10.83843154391386
0.0
0.0
0.0
0.0
0.0
0.0
-2.561934421035712
12.944983818770186
-12.026955054014651
-12.101881423811523
-11.58975452907835
-11.261226675931681
-6.626736615687019
17.799352750809028
-6.849986933498508
2.3531738168766374
-17.065606307775507
-18.502060027536604
-11.601306757904016
-11.126701126566603
-11.389046689810275
12.944983818770186
-18.27258802019576
-18.39273408338009
-13.757166582380279
-5.259541296283015
-13.888320280927328
6.4724919093850675
-21.305714396694704
-17.224290125159357
0.0
0.0
0.0
0.0
0.0
0.0
-5.405554329133648
-13.017605269736924
-4.7142651182511095
8.090614886731347
-14.0
-17.674697227781415
7.972050942965019
-10.222277958542596
-9.574971797199693
16.181229773462746
-15.584767928013566
-7.943600000000017
4.272819482588344
3.029718093202278
-6.985503909084693
19.41747572815531
-7.0
-2.571800000005317
16.181229773462746
-10.529001700233371
-10.209553292650252
1.2167311812365753
-11.810192902707847
-12.225650410097202
0.0
0.0
0.0
0.0
0.0
0.0
-5.387170230681112
-5.211774578787849
-5.709674878061845
20.886545713062407
-18.66616428975472
-16.366572197766125
-4.087340695573526
24.26615145817737
-3.4986456563321076
-3.4425609748196377
-7.0
-11.57744
-6.458655807038724
-6.301620483012002
-6.094670706583201
21.030090457222453
-13.52821932
-13.115685982271112
-1.0971799999999998
-1.5718200679999998
-1.4
29.126213194989564
-7.0
-7.0
0.0
0.0
0.0
0.0
0.0
0.0
-11.60955329265025
11.326860841423906
-11.49791293050149
-11.853926359151743
-14.346499524
-9.931596678354468
-9.799999999999999
17.799352750809028
-10.000240635572107
1.3983049294752892
-11.274619999999999
-15.5508624167512
-10.825355784039216
12.944983818770186
-10.53213486031827
-10.716243950460422
-12.009137133734946
-8.91205831723696
-14.622539931999995
4.854368932038788
-6.940780000000017
-2.5613709181861077
-14.141528832681452
-18.174736689502723
0.0
0.0
0.0
0.0
0.0
0.0
-15.859048134068457
4.854368932038788
-7.660810638583216
-16.205499932502132
-20.511269431299887
-21.0
-3.6634190138645284
9.708737864077627
-12.63106129626439
-13.240265656804612
-13.931554043480311
-13.043940065608151
21.72104351406553
20.13716872026075
21.022021560834908
21.70915914509995
24.271844660194155
7.811434649318251
14.809656114826785
14.326088231379254
14.80500457447295
15.393363271010012
17.799352750809028
0.007490480365125007
0.0
0.0
0.0
0.0
0.0
0.0
17.536118250397042
15.752122502325049
17.337504629174187
17.716271976203373
19.41747572815531
3.1123165129602857
-15.006203207754734
8.090614886731347
-5.683998101735035
-14.472286428345507
-20.2079341008055
-17.42910106540173
-12.297179999999996
11.326860841423906
-12.325204824102327
-2.936677080297658
-21.69990497847717
-12.39966069380988
-15.242650636782031
8.090614886731347
-0.5142942783395155
-15.067881471260492
-16.456484214769848
-19.022014806717
0.0
0.0
0.0
0.0
0.0
0.0
15.239386082984945
25.889967637540437
23.73607356526743
22.597305539735732
9.306355635912075
22.360633466029885
15.311037327922836
19.41747572815531
17.343159102433685
17.34307352197004
2.8176937363044496
14.850719204649083
30.74411893263487
29.12572487423771
30.742228409144026
30.743960447294704
16.178554514817307
32.362459546925564
17.94621330022151
21.03559870550159
19.153818284734225
17.94621330022151
4.7887377803823465
17.71745401802961
0.0
0.0
0.0
0.0
0.0
0.0
-11.597179999999996
9.708737864077627
0.6548205982116544
-11.500617536167013
-14.285112349951962
-16.361831710168
-10.369000067999998
-10.529342496352072
12.944983818770186
-1.0577000007838695
-17.613931846168
-16.829728437315808
-10.812502758332798
11.326860841423906
-11.263174954085196
-11.03937298139143
-14.996960066145839
-22.215756493937512
-12.7300401351257
6.4724919093850675
-13.054856764713897
-5.192457570178372
-20.89210641806809
-18.965317026425126
0.0
0.0
0.0
0.0
0.0
0.0
-6.379802672240066
6.4724919093850675
-5.404793446675344
-14.509104392575011
-17.311028623765775
-18.40199373655368
-10.915758699742042
11.326860841423906
-11.083157670067834
-11.17170321909506
-18.31476258484387
-12.285133417958715
-10.652170109134145
16.181229773462746
-10.543181309073915
-10.369000067999998
-18.795444002001414
-7.2185733606357045
-12.708626807431004
9.708737864077627
-12.766176715806463
-13.121957515153646
-16.581325651614797
-18.944323598303097
0.0
0.0
0.0
0.0
0.0
0.0
-11.606695356941334
-11.233261484354125
8.090614886731347
-11.485571611550364
-9.477820861783702
-14.999230668929961
-13.400872002526931
9.708737864077627
-13.11307525469027
-13.169000067999995
-21.18947329099252
-13.378724629354913
-11.993758178666885
12.944983818770186
-11.779192921577403
-11.596932601606051
-18.166506440566057
-15.180382764189254
-3.9671291557208814
9.708737864077627
-13.16921797136941
-3.8675119289488347
-19.81375329221752
-13.703781556111089
0.0
0.0
0.0
0.0
0.0
0.0
-2.8
-2.970043705084692
-2.8
-2.8
-7.0
-7.0
-3.4994141109292696
-3.6865168774600705
-3.41040609307073
-3.5
-12.18249411092927
-11.88026
-4.425359932
-3.9654070776965087
-4.414239233039892
-4.2
-16.3869512795171
-7.0
-2.0999999999999996
-2.2949814131663997
-2.741553066501492
-2.0999999999999996
-7.0
-10.9718
0.0
0.0
0.0
0.0
0.0
0.0
-11.788843742764142
-11.619928967042354
-3.7473580008171536
8.090614886731347
-12.70683827651105
-18.459613183103507
-10.422539932
14.563106796116466
-10.197179999999998
-10.63054370007825
-12.027902360241267
-17.831027736522838
-11.370121171380136
9.708737864077627
-11.364128727268037
-11.443000912347674
-18.9842709313191
-19.835193444633685
-4.419008727713859
8.090614886731347
-12.992469497918934
-12.962495212373208
-15.547168313896405
-19.96559015189324
0.0
0.0
0.0
0.0
0.0
0.0
-5.012971626528904
8.090614886731347
-13.869000067999995
-14.126567561887567
-20.12691670209719
-24.245157088664037
-10.612025519961767
12.944983818770186
-10.785328605602903
-10.977378916635711
-19.544563777514686
-10.727190672829387
-10.483485003161794
14.563106796116466
-0.1527410023507585
-10.430356040358792
-16.481721695182923
-11.376937749783975
-4.805788103956445
8.090614886731347
-13.205021116976601
-13.24908067595215
-15.861247242110732
-12.180377610986223
0.0
0.0
0.0
0.0
0.0
0.0
-11.114605498680428
9.708737864077627
-11.432480424061035
-3.515554091153576
-9.028753447263254
-14.890292845221701
-3.149662223918309
11.326860841423906
-12.825359931999996
-12.68243227857233
-19.78476159662094
-13.700039388
-11.439182557880846
14.563106796116466
-11.577761808891664
-11.583927607820252
-22.102427635685025
-17.45334886247311
-12.70579431308544
11.326860841423906
-2.9367146947432055
-13.068667761435263
-18.02169198138575
-12.618169349707303
0.0
0.0
0.0
0.0
0.0
0.0
-2.8
-2.7433294294167996
-2.8
-2.872552998501492
-7.0
-13.700039387999999
-3.5
-3.8214962949153075
-3.553539864
-3.3466071774307617
-11.446440068
-7.0
-4.769000068
-4.8844690621501075
-4.368689361416799
-4.278349650713383
-15.9511731233344
-11.749260067999998
-2.795092930501492
-2.8504091574168
-2.022539932
-2.0999999999999996
-11.8467507745832
-10.9718
0.0
0.0
0.0
0.0
0.0
0.0
-13.869000067999995
6.4724919093850675
-6.509507857760869
-13.547026831941196
-19.448818215041932
-18.143873902080962
-2.279052926757185
12.944983818770186
-12.1983667882671
-12.433192718484127
-20.52805192681492
-17.194084610415338
-13.203834897268608
8.090614886731347
-12.712390561453692
-4.523452707428083
-19.681274634146586
-19.838501501005023
-11.597179999999996
-11.326885398245599
9.708737864077627
-11.199999999999998
-18.883100990856438
-15.801752333766123
0.0
0.0
0.0
0.0
0.0
0.0
-13.228988651070035
9.708737864077627
-13.174687630422357
-12.997179999999997
-19.768197163452474
-15.887191642168
-7.467610200236439
1.989045825981413
14.563106796116466
-7.6686656690868915
-16.138081559182922
-9.993098266387543
7.052851367514075
12.944983818770186
-2.6477016885092155
-11.899999999999997
-17.9718
-9.345222416751216
-13.995092930501487
6.4724919093850675
-13.90020145406283
-14.136635375072675
-18.70315611388641
-19.55734685949305
0.0
0.0
0.0
0.0
0.0
0.0
-12.997179999999997
8.090614886731347
-13.63849582181248
-13.299999999999995
-20.2939540359788
-20.837221643137276
17.704576502974508
15.387903924884222
14.76067384387739
17.588240231104457
19.41747572815531
2.2008533554905525
21.018566069810692
19.406892115747585
18.60301569281115
18.238319773255963
22.653721682847873
6.436139698579849
17.706207712464693
15.912911912401531
15.707561895160953
-8.4
19.41747572815531
-0.7913951799715981
0.0
0.0
0.0
0.0
0.0
0.0
18.56710007289901
21.03559870550159
-2.2343202296334814
19.139649407021295
4.731052391058846
17.51848239206272
21.573890026380198
24.271844660194155
15.709986234130833
21.051112842173747
7.938436035191381
21.01919724380879
19.41187423610867
21.03559870550159
11.780275891305939
18.909737738445603
4.574559448556303
16.28956570552174
30.74070769679116
29.12014709371958
29.113710006150516
30.74433529405431
16.181223624098156
32.362459546925564
0.0
0.0
0.0
0.0
0.0
0.0
-14.15129343081468
-13.852370523110816
-13.911200776306286
4.854368932038788
-17.162061803913147
-20.263360068
-3.331854991552847
11.326860841423906
-13.145079863999996
-2.2925310928972653
-15.584371642168001
-15.79037200431676
-13.194126816238413
6.4724919093850675
-5.352915921199662
-12.900950863837991
-15.561777866732607
-19.355314095021214
-2.1589442405553
11.326860841423906
-11.057338404352697
-11.138040108934534
-14.0
-11.405619932
0.0
0.0
0.0
0.0
0.0
0.0
-12.599999999999996
11.326860841423906
-13.007761764284021
-12.461842623006792
-13.483936311928751
-19.39161262316985
-7.396411545402838
16.181229773462746
2.036735788568529
1.5443713699404382
-10.022741640797786
-8.61865361790574
-12.159606681814948
-11.940968267875267
-12.272481745639272
11.326860841423906
-21.492520589432697
-17.595897869027127
-14.699999999999994
4.854368932038788
-14.597608897361189
-6.102745665352677
-20.64555969474263
-23.29070882945081
0.0
0.0
0.0
0.0
0.0
0.0
-14.038100389714707
6.4724919093850675
-5.916172968130324
-13.774214900490913
-15.44272826899051
-15.22507776567219
-8.813634315098007
-8.36536075643773
-8.226057133734946
17.799352750809028
-17.48546456843628
-20.66479025634763
-7.276331515822981
-7.1892732786286855
-7.000000000000001
21.03559870550159
-12.1264094294168
-11.446440068
-9.799999999999999
10.067372505893005
1.4394799999999854
17.799352750809028
-4.143744049471811
-9.748881231809582
0.0
0.0
0.0
0.0
0.0
0.0
-5.6000000000000005
-5.839479884555608
-6.2340561862620785
11.377307855885604
-12.77095125960619
-16.990523105774187
-4.9
21.628463334131677
-4.9
-4.6572338708117265
-15.584371642168
-7.0
-7.266180068000001
18.19192089487368
-7.569000068000001
-7.367595498482718
-7.0
-13.871859456
-1.4
-0.7
-0.7
30.74350622084577
-7.0
-7.0
