-9.62702979817273
-7.2360492332631905
-9.66839780630001
-9.6687250923516
-9.993382191343416
-9.997468889300578
-9.926895272847847
-4.247281660274028
-9.94525779474562
-5.756476000437591
-9.937017903324472
-9.965287844957349
-9.753223020876531
-9.749295471407473
-9.98056863659292
-8.150041571119168
-8.504360277764185
-9.588774933696726
-9.456666416492432
-9.722639090568055
0.0
0.0
0.0
0.0
-9.04078521056422
-9.999944304410011
-9.999841153904352
-9.999924486859989
0.0
0.0
0.0
0.0
-8.857023933977903
-9.362459003666867
-9.153845342964072
-7.6566964627649705
-9.691528923834154
-3.048402510529813
-9.33012647122478
-9.650870613971147
15.084591131714802
-7.202243169792153
-9.978780656698863
-9.971677889838645
0.0
0.0
0.0
0.0
0.0
0.0
0.0
0.0
-8.934897170841515
-9.285458827081873
12.188500044090107
-8.667035220730044
-1.337095586535297
19.865964184362642
-6.798855028655208
-6.809507840220402
0.0
0.0
0.0
0.0
